-0.4291684657622805 -0.903224461579
0.8072234622525649 -0.590245950422
-0.9796325364997049 0.200798639017
0.8739695501066906 -0.485980684273
-0.18227658885423903 -0.983247296033
0.35996332344612747 -0.932966454795
-0.8496763559330711 0.527304551629
-0.6257921434800755 -0.779989867344
0.696452908991154 -0.717602498294
0.8142702706577092 0.580485939815
0.7468306048736955 0.665014321368
-0.8595398489313755 0.511068731287
0.6948830217578923 -0.719122789287
-0.333080977318462 0.942898224915
0.9346966312730942 0.355446490328
0.9247528927694233 -0.380568111269
-0.647069011173498 -0.762431436117
-0.42062111252586565 0.90723639681
0.18942156001694177 -0.981895856291
-0.16961158879630478 -0.985510988749
0.9571092235286618 -0.289727344647
-0.7396324992293544 -0.673010970255
-0.14571897539451384 -0.989326023215
-0.10050831329397725 -0.994936218538
0.48988905548684203 0.871784786122
0.5898831495721577 -0.807488619022
-0.501491451380828 0.865162599857
-0.6983367722753078 -0.715769343076
-0.9517762733603894 0.306792968414
-0.3212387625539872 0.946998235179
-0.45866751549114504 -0.888607962058
0.39627318024243907 -0.918132651974
0.5436701642690418 -0.839298964901
0.9776649512032891 -0.210169558187
-0.7269127154559014 -0.686729862543
-0.6361420524868704 -0.77157195974
-0.006451497171103382 0.999979188876
0.17891137811731794 -0.983865193398
0.0288261611068108 -0.999584439873
-0.9431320900529441 -0.332418201536
-0.125861195146326 0.992047861525
0.07388875355982849 -0.99726649001
0.5340805698713678 -0.845433583959
0.4952111297453583 0.868772661274
-0.40686788931212337 0.913487011756
0.702617653983922 0.711567588013
-0.7664102665318235 0.642351386201
0.7976171581392815 0.603164048201
-0.05718202391075122 -0.998363769446
-0.4374069561232008 0.899263673644
-0.6214698531306524 0.783438077738
-0.7934052689308804 0.608693748311
0.7950927330095645 0.606487877798
-0.8276423443313232 -0.56125586845
0.2137062200615376 -0.97689797395
-0.16341924673299268 -0.986556713928
0.5845647245470442 0.811347079132
-0.6299300362304758 -0.776651884344
0.65662729501291 0.754215218253
0.9076056669785422 0.419823716896
-0.6579775665617518 -0.753037530208
-0.4350903603720353 -0.900386793723
-0.46290558734233067 0.886407590901
-0.6966892373770417 0.717373059519
-0.9077476396644879 0.419516653643
-0.9304037136992878 0.366536395921
0.8196558480010028 -0.572856256698
-0.45223073386724444 0.891900982927
0.04729991628835273 0.99888073258
0.3779731664323207 0.92581655065
-0.588893474722493 -0.808210662779
-0.9416773665251668 -0.336517068474
-0.3578539682712447 -0.933777563123
0.25783381188349663 -0.966189280343
0.97601688429741 0.217694835874
0.2953410983885003 0.955391875412
-0.7161147508965036 -0.697982566794
0.1649916101118314 0.986294970378
-0.34691166067612533 -0.937897808765
0.9358060824245178 0.352515213994
-0.04022387750845624 -0.99919069235
-0.08341346566400265 0.996515024345
-0.14430855016505695 -0.989532739402
0.3672446542563297 0.930124380887
0.984406082954383 -0.175910954299
0.34615325071944225 0.93817798259
-0.9908115989355988 -0.13524930837
-0.2936682566695603 0.955907398771
-0.5093462647323876 0.860561666938
-0.2894007980939506 0.957208011909
